      0/19     12.2G    0.1112   0.05374   0.01263    0.1776        49      2048    0.3709     0.342    0.2892   0.08538   0.08542   0.04222  0.003276
      1/19     14.2G   0.08574   0.03476  0.003159    0.1237        38      2048    0.3949     0.471    0.3872     0.114   0.07686   0.04024  0.002383
      2/19     14.2G   0.08135   0.03676  0.002784    0.1209        53      2048    0.4714    0.4823    0.4484    0.1503   0.07287   0.04151  0.002354
      3/19     14.2G   0.07356    0.0375  0.002352    0.1134        33      2048    0.6884    0.5979    0.6391    0.2289   0.06227   0.04211  0.001769
      4/19     14.2G   0.06599   0.03613  0.001639    0.1038        36      2048     0.771    0.6017    0.6846    0.2756   0.06083   0.04078  0.001587
      5/19     14.2G   0.06232    0.0335  0.001357   0.09717        59      2048    0.8188    0.6529    0.7483    0.3053   0.05667   0.03978  0.001565
      6/19     14.2G   0.05962   0.03359  0.001229   0.09444        58      2048    0.8308    0.6864    0.7721    0.3274   0.05429   0.03921  0.001349
      7/19     14.2G    0.0569   0.03223  0.001208   0.09034        45      2048    0.8273     0.687    0.7774    0.3462   0.05388   0.03862  0.001284
      8/19     14.2G    0.0552   0.03216  0.001165   0.08853        51      2048    0.8064    0.7234    0.7869    0.3563   0.05221   0.03853  0.001303
      9/19     14.2G   0.05429   0.03153 0.0009918   0.08681        66      2048    0.8252    0.7299    0.7955     0.368   0.05104    0.0379  0.001208
     10/19     14.2G   0.05349   0.03222 0.0009415   0.08665        35      2048    0.8559    0.7032    0.7977    0.3701   0.05114   0.03774   0.00117
     11/19     14.2G   0.05222    0.0318 0.0008684   0.08489        38      2048     0.825    0.7408    0.8037     0.373   0.05064   0.03777  0.001102
     12/19     14.2G   0.05161    0.0306 0.0008574   0.08307        58      2048    0.8416    0.7204    0.8035    0.3798   0.05077    0.0377  0.001044
     13/19     14.2G   0.05021   0.03095 0.0008572   0.08202        36      2048    0.8359    0.7243    0.8036    0.3837   0.05019   0.03746  0.001003
     14/19     14.2G   0.04941   0.02973 0.0008462   0.07999        42      2048    0.8202    0.7384    0.8064    0.3862   0.04944   0.03753  0.001055
     15/19     14.2G   0.04915   0.03023 0.0007244    0.0801        46      2048    0.8183    0.7443     0.813    0.3928   0.04942   0.03698 0.0009966
     16/19     14.2G   0.04882   0.02963 0.0006855   0.07914        75      2048    0.8425    0.7306     0.813    0.3921   0.04918   0.03739  0.001007
     17/19     14.2G   0.04793   0.02884 0.0006792   0.07745        66      2048    0.8288    0.7452    0.8137     0.398   0.04902   0.03732 0.0009888
     18/19     14.2G   0.04805    0.0294 0.0008775   0.07834        49      2048    0.8452    0.7347    0.8121    0.3954   0.04923   0.03774  0.001004
     19/19     14.2G   0.04746   0.02854 0.0005885   0.07659        66      2048    0.8349    0.7373    0.8101    0.3958   0.04903   0.03811  0.001008
